Lines:
1,262,161,271,161,2
1,271,161,284,161,2
1,284,161,297,161,2
1,297,161,312,161,2
1,312,161,330,161,2
1,330,161,347,161,2
1,347,161,361,162,2
1,361,162,376,163,2
1,376,163,392,163,2
1,392,163,407,164,2
1,407,164,421,164,2
1,421,164,432,165,2
1,432,165,439,166,2
1,439,166,442,166,2
1,442,166,443,166,2
----
1,274,196,274,204,2
1,274,204,274,223,2
1,274,223,274,242,2
1,274,242,274,264,2
1,274,264,274,280,2
1,274,280,274,299,2
1,274,299,274,321,2
1,274,321,274,338,2
1,274,338,274,352,2
1,274,352,274,367,2
1,274,367,274,377,2
1,274,377,274,388,2
1,274,388,274,400,2
1,274,400,272,412,2
1,272,412,271,425,2
1,271,425,270,439,2
1,270,439,269,452,2
1,269,452,268,467,2
1,268,467,267,481,2
1,267,481,266,498,2
1,266,498,266,510,2
1,266,510,266,520,2
1,266,520,266,528,2
1,266,528,266,535,2
1,266,535,266,539,2
1,266,539,266,542,2
1,266,542,266,543,2
1,266,543,266,544,2
1,266,544,267,544,2
1,267,544,267,545,2
1,267,545,267,546,2
1,267,546,268,546,2
1,268,546,269,546,2
1,269,546,270,546,2
1,270,546,275,545,2
1,275,545,285,544,2
1,285,544,300,541,2
1,300,541,312,540,2
1,312,540,326,540,2
1,326,540,341,541,2
1,341,541,354,541,2
1,354,541,366,543,2
1,366,543,375,543,2
1,375,543,386,543,2
1,386,543,394,543,2
1,394,543,402,543,2
1,402,543,409,543,2
1,409,543,413,543,2
1,413,543,419,543,2
1,419,543,421,543,2
1,421,543,422,543,2
1,422,543,423,543,2
1,423,543,423,542,2
----
1,530,137,530,140,2
1,530,140,530,146,2
1,530,146,530,157,2
1,530,157,530,171,2
1,530,171,530,187,2
1,530,187,529,205,2
1,529,205,529,219,2
1,529,219,528,231,2
1,528,231,527,243,2
1,527,243,526,251,2
1,526,251,526,257,2
1,526,257,526,260,2
1,526,260,526,262,2
1,526,262,525,263,2
1,525,263,525,264,2
----
1,793,139,802,140,2
1,802,140,816,143,2
1,816,143,825,146,2
1,825,146,832,148,2
1,832,148,839,150,2
1,839,150,842,151,2
1,842,151,846,153,2
1,846,153,847,154,2
1,847,154,848,155,2
1,848,155,848,156,2
1,848,156,848,157,2
1,848,157,847,158,2
1,847,158,846,160,2
1,846,160,845,161,2
1,845,161,843,164,2
1,843,164,842,167,2
1,842,167,840,170,2
1,840,170,838,176,2
1,838,176,835,181,2
1,835,181,832,187,2
1,832,187,829,191,2
1,829,191,826,195,2
1,826,195,820,201,2
1,820,201,812,207,2
1,812,207,803,215,2
1,803,215,795,224,2
1,795,224,788,231,2
1,788,231,782,236,2
1,782,236,776,242,2
1,776,242,772,246,2
1,772,246,769,249,2
1,769,249,765,252,2
1,765,252,764,253,2
1,764,253,763,254,2
1,763,254,765,253,2
1,765,253,767,253,2
1,767,253,770,252,2
1,770,252,772,251,2
1,772,251,776,249,2
1,776,249,780,249,2
1,780,249,784,247,2
1,784,247,789,245,2
1,789,245,796,243,2
1,796,243,805,242,2
1,805,242,813,241,2
1,813,241,823,241,2
1,823,241,829,241,2
1,829,241,835,241,2
1,835,241,838,241,2
1,838,241,840,241,2
1,840,241,841,241,2
1,841,241,840,241,2
----
1,541,422,542,422,2
1,542,422,545,422,2
1,545,422,548,422,2
1,548,422,551,422,2
1,551,422,552,422,2
1,552,422,553,423,2
1,553,423,555,424,2
1,555,424,557,424,2
1,557,424,557,425,2
1,557,425,557,426,2
1,557,426,558,426,2
1,558,426,558,427,2
1,558,427,558,428,2
1,558,428,558,430,2
1,558,430,558,431,2
1,558,431,558,432,2
1,558,432,557,434,2
1,557,434,557,435,2
1,557,435,556,436,2
1,556,436,555,438,2
1,555,438,555,439,2
1,555,439,555,440,2
1,555,440,554,440,2
1,554,440,554,441,2
1,554,441,552,441,2
1,552,441,550,442,2
1,550,442,548,443,2
1,548,443,543,445,2
1,543,445,537,449,2
1,537,449,531,452,2
1,531,452,524,455,2
1,524,455,519,456,2
1,519,456,516,457,2
1,516,457,515,458,2
1,515,458,513,459,2
1,513,459,511,459,2
1,511,459,510,459,2
1,510,459,509,460,2
1,509,460,507,460,2
1,507,460,506,461,2
1,506,461,504,462,2
1,504,462,502,462,2
1,502,462,501,462,2
1,501,462,500,463,2
1,500,463,499,463,2
1,499,463,499,464,2
1,499,464,498,464,2
1,498,464,500,464,2
1,500,464,501,464,2
1,501,464,503,464,2
1,503,464,504,464,2
1,504,464,506,464,2
1,506,464,508,464,2
1,508,464,511,464,2
1,511,464,514,464,2
1,514,464,518,464,2
1,518,464,523,464,2
1,523,464,530,464,2
1,530,464,538,466,2
1,538,466,544,466,2
1,544,466,548,466,2
1,548,466,553,468,2
1,553,468,556,469,2
1,556,469,560,469,2
1,560,469,562,470,2
1,562,470,566,471,2
1,566,471,568,472,2
1,568,472,571,473,2
1,571,473,572,474,2
1,572,474,573,475,2
1,573,475,574,475,2
1,574,475,575,476,2
1,575,476,575,477,2
1,575,477,576,478,2
1,576,478,576,479,2
1,576,479,576,480,2
1,576,480,576,481,2
1,576,481,576,484,2
1,576,484,576,486,2
1,576,486,576,489,2
1,576,489,576,491,2
1,576,491,575,494,2
1,575,494,574,496,2
1,574,496,573,498,2
1,573,498,572,499,2
1,572,499,570,501,2
1,570,501,567,502,2
1,567,502,565,504,2
1,565,504,563,504,2
1,563,504,558,506,2
1,558,506,554,507,2
1,554,507,548,509,2
1,548,509,539,512,2
1,539,512,529,518,2
1,529,518,519,522,2
1,519,522,508,526,2
1,508,526,496,532,2
1,496,532,485,537,2
1,485,537,473,542,2
1,473,542,465,546,2
1,465,546,458,548,2
1,458,548,456,549,2
1,456,549,455,549,2
----
1,798,419,798,420,2
1,798,420,798,423,2
1,798,423,798,426,2
1,798,426,797,430,2
1,797,430,796,435,2
1,796,435,795,442,2
1,795,442,793,450,2
1,793,450,791,457,2
1,791,457,789,464,2
1,789,464,784,473,2
1,784,473,781,481,2
1,781,481,779,488,2
1,779,488,777,494,2
1,777,494,777,499,2
1,777,499,776,500,2
1,776,500,775,502,2
1,775,502,775,503,2
1,775,503,775,504,2
1,775,504,775,505,2
1,775,505,777,505,2
1,777,505,778,506,2
1,778,506,780,507,2
1,780,507,782,507,2
1,782,507,786,507,2
1,786,507,790,507,2
1,790,507,794,507,2
1,794,507,799,505,2
1,799,505,805,504,2
1,805,504,811,503,2
1,811,503,816,501,2
1,816,501,822,499,2
1,822,499,829,496,2
1,829,496,835,495,2
1,835,495,839,494,2
1,839,494,845,492,2
1,845,492,848,491,2
1,848,491,852,490,2
1,852,490,856,490,2
1,856,490,859,489,2
1,859,489,862,488,2
1,862,488,863,487,2
1,863,487,865,487,2
1,865,487,866,487,2
1,866,487,867,486,2
1,867,486,869,485,2
1,869,485,871,485,2
1,871,485,872,484,2
1,872,484,874,483,2
1,874,483,876,483,2
1,876,483,877,483,2
1,877,483,878,483,2
1,878,483,879,483,2
1,879,483,880,482,2
1,880,482,882,482,2
1,882,482,885,479,2
----
1,865,437,865,441,2
1,865,441,864,449,2
1,864,449,863,459,2
1,863,459,861,470,2
1,861,470,859,482,2
1,859,482,857,496,2
1,857,496,855,509,2
1,855,509,852,520,2
1,852,520,850,531,2
1,850,531,849,536,2
1,849,536,848,542,2
1,848,542,848,544,2
1,848,544,847,546,2
1,847,546,847,547,2
1,847,547,847,548,2
1,847,548,847,549,2
1,847,549,847,550,2
1,847,550,847,551,2
1,847,551,847,552,2
1,847,552,847,553,2
1,847,553,847,554,2
1,847,554,847,555,2
1,847,555,846,555,2
----
1,972,168,978,167,2
1,978,167,989,165,2
1,989,165,1001,163,2
1,1001,163,1014,162,2
1,1014,162,1025,161,2
1,1025,161,1035,161,2
1,1035,161,1045,161,2
1,1045,161,1052,161,2
1,1052,161,1057,162,2
1,1057,162,1062,163,2
1,1062,163,1064,163,2
1,1064,163,1065,165,2
1,1065,165,1067,165,2
1,1067,165,1068,167,2
1,1068,167,1068,168,2
1,1068,168,1068,169,2
1,1068,169,1068,170,2
1,1068,170,1068,171,2
1,1068,171,1068,173,2
1,1068,173,1067,175,2
1,1067,175,1067,177,2
1,1067,177,1066,182,2
1,1066,182,1065,189,2
1,1065,189,1064,197,2
1,1064,197,1063,208,2
1,1063,208,1062,220,2
1,1062,220,1061,233,2
1,1061,233,1060,248,2
1,1060,248,1058,266,2
1,1058,266,1056,284,2
1,1056,284,1055,301,2
1,1055,301,1052,319,2
1,1052,319,1051,334,2
1,1051,334,1049,349,2
1,1049,349,1048,361,2
1,1048,361,1045,373,2
1,1045,373,1044,384,2
1,1044,384,1043,393,2
1,1043,393,1043,400,2
1,1043,400,1042,407,2
1,1042,407,1041,412,2
1,1041,412,1041,418,2
1,1041,418,1040,422,2
1,1040,422,1040,425,2
1,1040,425,1040,428,2
1,1040,428,1040,430,2
1,1040,430,1039,434,2
1,1039,434,1039,439,2
1,1039,439,1038,445,2
1,1038,445,1037,452,2
1,1037,452,1036,459,2
1,1036,459,1036,466,2
1,1036,466,1035,473,2
1,1035,473,1033,480,2
1,1033,480,1033,485,2
1,1033,485,1032,488,2
1,1032,488,1031,493,2
1,1031,493,1031,495,2
1,1031,495,1031,498,2
1,1031,498,1030,499,2
1,1030,499,1030,501,2
1,1030,501,1030,502,2
1,1030,502,1030,503,2
1,1030,503,1029,504,2
1,1029,504,1029,505,2
1,1029,505,1029,506,2
1,1029,506,1029,507,2
1,1029,507,1029,509,2
1,1029,509,1028,512,2
1,1028,512,1027,517,2
1,1027,517,1027,520,2
1,1027,520,1026,522,2
1,1026,522,1025,525,2
1,1025,525,1025,527,2
1,1025,527,1025,528,2
1,1025,528,1024,529,2
1,1024,529,1024,530,2
1,1024,530,1024,531,2
1,1024,531,1023,531,2
1,1023,531,1023,532,2
1,1023,532,1023,533,2
1,1023,533,1023,534,2
1,1023,534,1023,535,2
1,1023,535,1023,536,2
1,1023,536,1022,537,2
1,1022,537,1022,538,2
1,1022,538,1021,539,2
1,1021,539,1017,540,2
1,1017,540,1015,540,2
1,1015,540,1013,540,2
1,1013,540,1012,540,2
1,1012,540,1010,540,2
1,1010,540,1008,540,2
1,1008,540,1005,540,2
1,1005,540,1002,540,2
1,1002,540,1000,540,2
1,1000,540,998,540,2
1,998,540,996,540,2
1,996,540,995,540,2
1,995,540,993,540,2
1,993,540,991,540,2
1,991,540,990,540,2
1,990,540,989,540,2
1,989,540,988,540,2
1,988,540,987,540,2
1,987,540,986,540,2
----
